37
16
1 0 0 5 
19 0 5 9 
14 0 9 13 
8 0 13 17 
8 0 17 5 
16 0 5 5 
19 0 5 17 
18 0 17 17 
10 0 17 17 
15 0 17 9 
20 0 9 1 
8 0 1 13 
4 0 13 13 
10 0 13 9 
7 0 9 9 
17 0 9 0 
13 1 0 10 
3 19 10 20 
19 14 20 8 
14 8 8 11 
12 8 11 2 
20 16 2 4 
7 19 4 4 
15 18 4 10 
12 10 10 15 
6 15 15 15 
22 20 15 19 
3 8 19 14 
2 4 19 22 
16 10 22 20 
3 7 20 2 
17 17 2 0 
9 13 0 12 
22 3 12 21 
18 19 21 6 
10 14 6 16 
11 12 14 19 
15 20 19 3 
16 7 3 2 
19 15 2 19 
14 12 19 21 
7 6 21 11 
7 22 20 4 
6 3 4 14 
2 12 14 8 
3 7 2 3 
22 3 3 7 
13 17 7 0 
13 9 0 21 
10 19 21 16 
14 18 16 20 
10 3 21 19 
22 11 19 3 
18 15 6 6 
20 16 6 18 
2 19 18 15 
3 14 15 3 
19 7 3 14 
21 7 14 14 
2 6 14 12 
16 2 12 20 
16 3 20 10 
15 22 10 8 
1 13 16 0 
5 13 0 3 
2 10 3 10 
21 20 10 6 
19 10 6 8 
4 22 8 4 
22 18 4 7 
16 20 7 18 
14 2 18 14 
18 3 14 3 
7 19 3 11 
8 21 11 12 
8 2 12 12 
18 18 12 3 
15 16 3 3 
11 15 3 8 
5 1 8 0 
13 5 0 7 
22 2 18 8 
15 8 8 6 
11 19 6 18 
14 4 18 3 
22 22 3 21 
2 16 21 7 
2 14 7 2 
11 18 2 14 
15 10 14 12 
4 8 12 12 
16 8 12 6 
6 18 6 11 
18 15 11 22 
14 11 22 20 
5 5 20 0 
5 13 0 11 
11 22 11 12 
7 15 12 15 
19 21 15 20 
20 14 20 20 
8 22 20 2 
6 2 2 18 
2 2 18 8 
12 11 8 20 
14 15 20 15 
10 4 15 6 
21 16 6 11 
3 6 11 3 
15 18 3 12 
22 14 12 15 
17 5 15 0 
9 5 0 4 
10 11 4 22 
11 7 22 20 
19 19 20 19 
4 20 19 7 
15 8 7 20 
14 6 20 4 
11 2 4 4 
15 12 4 4 
8 14 4 6 
3 10 6 8 
14 21 8 16 
4 3 16 12 
4 15 12 21 
22 22 21 8 
9 17 8 0 
1 9 0 10 
12 10 10 16 
20 10 16 8 
14 19 8 14 
21 4 3 11 
8 15 10 21 
12 14 21 8 
3 11 8 2 
19 15 2 14 
15 8 19 2 
16 3 10 4 
11 14 4 7 
12 4 7 18 
18 4 18 2 
21 3 2 21 
1 9 21 0 
5 1 0 4 
22 12 4 3 
12 20 3 3 
22 14 3 7 
14 21 7 19 
4 8 19 2 
3 12 2 7 
16 3 7 15 
11 19 15 7 
11 18 7 19 
12 16 19 4 
19 11 4 8 
16 12 8 20 
8 18 20 6 
4 21 6 7 
5 1 7 0 
1 5 0 21 
14 22 21 21 
11 12 21 14 
10 12 14 21 
16 14 21 3 
10 4 3 22 
21 3 22 21 
16 16 21 20 
7 11 20 11 
16 11 11 15 
19 12 15 4 
22 19 4 18 
22 16 18 4 
21 8 4 2 
11 4 2 15 
9 5 15 0 
9 1 0 12 
15 14 12 10 
2 11 10 18 
6 3 18 6 
7 16 6 20 
14 10 20 19 
8 21 19 7 
22 18 7 16 
12 7 16 10 
20 16 10 6 
12 19 6 7 
14 22 7 16 
10 22 16 11 
6 21 11 7 
12 11 7 10 
1 9 10 0 
9 9 0 15 
21 15 15 22 
21 2 22 6 
12 6 6 18 
4 7 18 7 
16 14 7 19 
20 8 11 16 
22 22 16 20 
6 12 20 15 
2 20 15 11 
7 12 11 12 
21 14 12 22 
14 10 22 16 
12 6 16 18 
19 12 18 2 
1 1 2 0 
17 9 0 2 
20 21 2 2 
22 21 2 22 
10 12 22 8 
6 4 8 7 
16 16 7 6 
2 20 6 18 
3 22 18 18 
20 18 18 7 
21 22 7 16 
4 7 16 19 
8 21 19 4 
10 14 4 11 
10 12 11 11 
15 19 11 6 
1 1 6 0 
17 17 0 20 
15 20 20 10 
4 22 10 14 
16 10 10 19 
19 6 19 21 
15 16 21 20 
6 2 20 22 
2 18 22 18 
6 21 18 21 
18 21 21 8 
8 4 8 3 
22 16 3 11 
22 10 10 6 
16 10 6 11 
18 11 11 7 
17 1 11 0 
0 17 0 1 
0 15 1 5 
0 4 5 13 
0 16 13 13 
0 19 13 9 
0 15 9 1 
0 6 1 13 
0 2 13 13 
0 6 13 1 
0 18 1 5 
0 8 5 5 
0 22 5 17 
0 22 17 13 
0 16 13 17 
0 18 17 9 
0 17 9 0 