8
10
1 0 0 3 
11 0 3 4 
11 0 4 2 
7 0 2 3 
8 0 3 3 
6 0 3 4 
5 0 4 1 
11 0 1 3 
12 0 3 1 
1 0 1 0 
2 1 0 13 
6 11 13 14 
12 11 14 8 
11 7 8 10 
12 8 10 12 
13 6 12 6 
8 5 6 14 
10 11 14 9 
6 12 9 8 
3 1 8 0 
2 2 0 11 
11 6 11 10 
13 12 10 11 
5 11 11 5 
12 12 5 13 
12 13 13 9 
6 8 9 13 
11 10 13 6 
14 6 6 12 
3 3 12 0 
3 2 0 9 
9 11 9 12 
5 13 10 14 
12 5 14 14 
9 12 5 7 
10 12 7 10 
6 6 10 9 
7 11 9 14 
5 14 14 13 
1 3 13 0 
2 3 0 12 
6 9 12 10 
13 5 10 10 
14 12 10 11 
12 9 11 7 
10 8 7 13 
7 6 13 9 
8 7 9 5 
5 5 5 11 
4 1 11 0 
1 2 0 14 
9 6 14 8 
8 13 8 6 
9 14 6 13 
6 12 13 13 
7 10 13 14 
13 14 14 7 
9 8 7 9 
7 5 9 11 
4 4 11 0 
2 1 0 14 
12 9 14 8 
8 8 8 7 
5 9 7 6 
12 6 6 10 
13 7 10 5 
8 13 5 14 
10 9 14 11 
14 7 11 10 
4 4 10 0 
2 2 0 6 
7 12 6 7 
7 8 7 13 
11 5 13 5 
6 13 5 13 
5 13 5 5 
8 8 5 10 
11 10 10 7 
9 14 12 8 
2 4 8 0 
1 2 0 10 
7 7 10 6 
7 7 6 14 
8 11 14 14 
5 6 14 8 
12 5 12 7 
9 8 7 8 
10 11 8 5 
9 9 5 6 
3 2 6 0 
0 1 0 4 
0 7 4 1 
0 7 1 3 
0 8 3 2 
0 5 2 4 
0 12 4 4 
0 9 4 4 
0 10 4 2 
0 9 2 1 
0 3 1 0 