22
9
1 0 0 1 
8 0 1 1 
10 0 1 2 
12 0 2 2 
7 0 2 3 
9 0 3 3 
11 0 3 2 
5 0 2 4 
2 0 2 0 
4 1 0 12 
6 8 12 6 
10 10 6 8 
5 12 8 5 
8 7 5 6 
9 9 6 9 
10 11 9 10 
5 5 11 13 
4 2 13 0 
4 4 0 5 
9 6 5 5 
12 10 5 6 
13 5 6 8 
5 8 8 6 
7 9 6 6 
12 10 6 9 
12 5 12 8 
3 4 8 0 
1 4 0 7 
5 9 7 6 
11 12 6 7 
12 13 7 10 
9 5 10 9 
11 7 9 13 
13 12 13 11 
5 8 11 7 
2 3 7 0 
3 1 0 11 
11 5 11 10 
8 11 10 13 
8 12 13 11 
7 9 11 6 
10 11 6 13 
7 13 12 7 
6 5 7 8 
2 2 9 0 
4 3 0 12 
12 11 12 10 
8 8 10 6 
9 8 6 9 
13 7 9 9 
6 10 13 7 
11 7 7 11 
12 6 10 12 
1 2 13 0 
1 4 0 10 
11 12 10 5 
8 8 5 10 
13 9 10 9 
8 13 9 12 
6 13 12 11 
13 11 11 6 
7 12 9 7 
3 1 10 0 
4 1 0 11 
5 11 12 7 
6 13 7 8 
13 13 8 7 
8 8 8 5 
9 6 5 10 
7 12 10 10 
11 7 13 5 
2 3 5 0 
0 4 0 1 
0 5 1 4 
0 6 4 4 
0 13 4 4 
0 8 3 3 
0 7 3 3 
0 13 3 3 
0 9 2 1 
0 2 1 0 