28
10
1 0 0 3 
12 0 3 3 
8 0 3 3 
6 0 3 4 
5 0 4 1 
11 0 1 3 
13 0 3 1 
7 0 1 4 
12 0 4 4 
1 0 4 0 
3 1 0 12 
7 12 12 5 
7 8 5 9 
7 6 9 5 
13 5 5 5 
5 11 5 13 
5 13 13 6 
7 7 6 10 
13 12 10 11 
4 1 11 0 
2 3 0 6 
7 7 6 14 
10 7 14 13 
8 7 13 7 
9 13 7 6 
10 5 7 13 
14 5 13 14 
11 7 14 9 
12 9 9 11 
4 4 11 0 
2 2 0 11 
5 7 11 9 
12 10 9 6 
14 8 6 9 
8 9 9 7 
8 10 7 11 
13 14 11 6 
13 13 6 12 
8 12 12 10 
4 4 10 0 
2 2 0 6 
8 5 6 14 
5 12 14 14 
13 14 14 7 
9 8 7 8 
7 13 8 10 
5 13 10 10 
5 13 10 14 
13 8 14 5 
2 4 11 0 
4 2 0 8 
7 8 8 8 
10 5 8 8 
8 13 8 6 
10 9 6 6 
12 6 6 13 
12 12 13 5 
11 5 5 5 
9 13 12 13 
1 2 13 0 
3 4 0 11 
14 7 11 10 
11 10 10 7 
9 12 7 11 
9 10 11 14 
11 10 14 12 
6 7 12 7 
10 11 8 5 
12 8 14 9 
2 1 9 0 
2 3 0 12 
6 14 12 6 
10 11 6 13 
14 9 13 6 
9 9 6 5 
5 11 5 11 
11 6 11 10 
12 10 10 7 
6 12 9 8 
4 2 10 0 
4 2 0 5 
8 6 13 9 
11 10 9 14 
8 11 14 14 
12 9 14 8 
7 5 9 12 
10 6 12 6 
14 8 6 5 
14 8 11 12 
4 4 9 0 
0 1 0 3 
0 8 3 1 
0 7 1 3 
0 8 3 2 
0 9 2 3 
0 7 3 2 
0 10 2 1 
0 14 1 2 
0 14 2 1 
0 1 1 0 