76
16
9 0 0 17 
8 0 17 5 
15 0 5 9 
12 0 9 13 
16 0 13 13 
7 0 13 5 
18 0 5 1 
6 0 1 13 
21 0 13 9 
7 0 9 9 
4 0 9 5 
3 0 5 13 
6 0 13 1 
8 0 1 13 
22 0 13 17 
9 0 17 0 
5 9 0 19 
4 8 19 2 
19 15 2 14 
10 12 14 21 
8 16 21 14 
21 7 14 14 
14 18 14 2 
18 6 2 20 
4 21 6 7 
18 7 7 4 
22 4 4 8 
10 3 8 6 
11 6 6 18 
6 21 18 19 
20 22 19 15 
9 9 15 0 
5 5 0 16 
18 4 16 22 
3 19 22 11 
14 10 11 4 
21 8 4 2 
20 21 2 2 
12 14 2 6 
21 18 6 21 
15 4 21 12 
18 18 12 3 
12 22 3 4 
14 10 4 22 
14 11 22 20 
10 6 20 21 
15 20 21 19 
13 9 19 0 
1 5 0 8 
21 18 8 21 
11 3 21 4 
6 14 4 20 
11 21 7 6 
22 20 6 2 
3 12 2 7 
14 21 7 19 
18 15 19 2 
8 18 2 2 
12 12 2 8 
19 14 8 3 
22 14 3 7 
16 10 7 12 
10 15 12 14 
1 13 16 0 
5 1 0 4 
12 15 4 4 
19 11 4 8 
8 6 8 15 
4 11 15 2 
18 22 2 18 
22 3 18 18 
2 14 18 11 
10 18 11 2 
22 8 2 20 
11 12 20 8 
10 19 8 6 
10 22 6 10 
20 16 10 6 
4 10 6 15 
9 1 15 0 
5 5 0 8 
16 12 8 20 
19 19 20 19 
15 8 19 2 
4 4 2 11 
16 22 11 3 
22 22 3 21 
21 2 21 3 
2 10 3 10 
15 22 10 8 
15 11 8 3 
20 10 3 19 
3 10 19 21 
2 20 3 7 
12 4 7 18 
17 9 18 0 
1 5 0 7 
16 16 7 6 
12 19 6 7 
20 4 7 19 
7 4 19 16 
10 16 20 22 
21 22 22 2 
7 21 2 16 
3 2 3 7 
12 11 7 10 
8 15 10 21 
3 22 21 12 
3 3 12 20 
4 2 20 16 
10 12 16 10 
17 17 10 0 
5 1 0 15 
3 16 15 7 
15 12 7 15 
2 20 15 11 
11 7 11 18 
4 10 18 15 
20 21 15 16 
19 7 16 14 
15 3 14 3 
16 12 3 4 
21 8 4 19 
14 3 19 7 
11 3 7 19 
4 4 19 7 
3 2 7 16 
13 17 16 0 
13 5 0 4 
8 3 4 8 
21 15 15 22 
21 2 22 6 
7 11 6 21 
12 14 21 19 
15 20 19 3 
6 3 3 11 
7 15 11 19 
21 16 19 10 
11 11 10 12 
21 14 12 11 
20 11 11 7 
3 22 7 3 
14 3 3 18 
13 13 4 0 
5 13 0 11 
20 8 11 16 
22 21 16 7 
22 20 7 11 
19 7 11 18 
6 12 18 6 
15 15 6 15 
6 6 15 18 
18 7 18 20 
14 15 20 15 
6 11 15 19 
8 21 19 7 
4 20 7 22 
21 3 22 21 
22 14 21 21 
17 13 8 0 
5 5 0 20 
14 20 20 20 
22 22 20 16 
18 22 16 7 
14 22 7 16 
11 6 16 10 
14 15 10 12 
11 12 12 7 
14 18 16 20 
19 14 20 8 
12 6 8 16 
11 8 14 8 
6 4 8 7 
3 21 16 14 
16 22 14 10 
17 17 20 0 
1 5 0 21 
12 14 21 8 
22 22 8 21 
4 18 2 18 
10 14 19 20 
8 18 20 6 
10 14 6 16 
6 11 16 21 
6 19 21 19 
15 19 19 2 
8 12 2 11 
16 11 11 15 
12 6 15 20 
16 3 20 10 
11 16 10 22 
5 17 22 0 
9 1 0 10 
22 4 10 11 
11 22 11 12 
8 4 12 12 
15 10 12 10 
16 8 10 20 
20 10 20 15 
2 6 18 2 
18 6 20 16 
3 3 16 15 
2 8 3 11 
7 16 6 20 
10 12 22 8 
2 22 8 18 
22 11 18 15 
17 5 15 0 
17 9 0 15 
14 22 15 12 
14 19 12 11 
18 6 11 19 
4 15 19 12 
18 16 12 6 
21 20 16 16 
16 2 12 20 
7 18 20 16 
4 10 16 3 
10 4 3 22 
4 7 14 11 
16 10 10 19 
12 16 19 4 
19 22 4 2 
17 17 2 0 
5 17 0 19 
8 14 19 14 
3 6 14 4 
22 18 4 7 
18 4 22 19 
2 18 19 12 
18 15 12 3 
18 6 3 6 
20 7 15 8 
6 4 8 14 
12 22 14 21 
14 4 18 3 
14 2 2 7 
2 12 14 8 
12 11 8 21 
13 17 7 0 
0 5 0 1 
0 6 1 1 
0 21 1 9 
0 8 9 17 
0 18 17 17 
0 11 17 1 
0 2 1 1 
0 20 1 9 
0 10 9 13 
0 14 13 9 
0 10 9 1 
0 10 1 13 
0 2 13 13 
0 2 9 17 
0 12 1 9 
0 1 17 0 