20
8
8 0 0 5 
14 0 5 6 
9 0 6 3 
9 0 3 1 
10 0 1 7 
14 0 7 2 
16 0 2 3 
7 0 3 0 
1 8 0 14 
15 14 14 12 
10 9 12 10 
12 9 10 14 
13 10 14 11 
11 14 11 14 
9 16 9 16 
4 7 16 0 
3 1 0 11 
12 15 11 13 
13 10 13 15 
14 12 13 16 
10 13 16 11 
10 11 11 10 
13 9 9 16 
5 4 16 0 
4 3 0 12 
12 12 12 10 
13 13 10 16 
13 14 16 13 
16 10 13 12 
12 10 12 10 
15 13 15 15 
7 5 15 0 
1 4 0 13 
10 12 13 13 
10 13 13 16 
10 13 16 16 
9 16 16 11 
9 13 11 13 
16 15 13 10 
7 7 13 0 
6 1 0 10 
15 10 10 16 
14 10 16 10 
15 10 10 12 
11 14 12 11 
12 13 11 10 
14 10 10 13 
5 7 15 0 
5 6 0 10 
10 15 10 14 
14 14 14 9 
11 13 9 16 
13 14 16 14 
10 13 14 10 
16 13 10 14 
3 5 14 0 
0 6 0 2 
0 10 2 1 
0 14 1 3 
0 11 3 3 
0 13 5 1 
0 10 1 3 
0 11 2 2 
0 6 3 0 