94
16
9 0 0 17 
8 0 17 5 
15 0 5 17 
2 0 17 17 
20 0 17 17 
22 0 17 5 
16 0 5 5 
3 0 5 13 
16 0 13 1 
8 0 1 5 
19 0 5 9 
18 0 9 17 
7 0 17 13 
22 0 13 17 
2 0 17 9 
17 0 1 0 
1 9 0 15 
3 8 15 11 
11 15 11 16 
22 22 16 20 
14 20 20 20 
8 22 20 2 
20 16 2 4 
18 3 4 14 
20 16 14 18 
3 12 18 18 
2 19 18 15 
21 18 8 21 
16 7 21 22 
21 22 22 2 
6 2 2 18 
17 17 18 0 
13 1 0 6 
11 3 6 3 
12 11 14 21 
3 22 21 12 
22 14 12 15 
6 8 15 8 
10 20 8 16 
6 18 16 20 
15 20 20 10 
16 3 10 4 
18 2 4 18 
6 21 18 21 
8 16 21 14 
7 21 14 14 
2 12 14 8 
9 17 8 0 
9 13 0 19 
18 11 19 7 
19 12 7 6 
10 22 6 10 
8 22 10 12 
18 6 12 6 
19 10 6 8 
12 6 8 16 
18 15 10 4 
19 16 4 7 
22 18 7 16 
10 6 16 20 
3 3 20 12 
19 7 16 14 
7 2 14 2 
13 9 14 0 
9 9 0 15 
12 21 15 4 
7 19 4 4 
14 10 4 22 
21 8 22 22 
4 18 22 16 
6 20 16 7 
2 3 7 3 
15 18 3 12 
14 19 12 11 
16 22 11 3 
20 10 3 19 
14 3 19 7 
10 19 10 16 
18 7 16 20 
13 13 4 0 
9 9 0 7 
15 12 7 15 
20 7 15 8 
19 14 8 3 
22 21 3 21 
19 4 21 8 
4 22 8 4 
20 2 7 3 
20 15 3 19 
8 14 19 14 
6 16 14 10 
21 20 10 6 
2 20 6 18 
11 10 22 4 
7 18 4 7 
5 13 4 0 
5 9 0 15 
21 15 15 22 
19 20 19 19 
15 19 19 2 
20 22 2 6 
11 19 6 18 
11 2 18 10 
22 20 10 16 
21 20 16 16 
20 8 16 12 
18 6 11 6 
19 21 6 19 
14 2 11 18 
22 11 18 15 
21 16 6 11 
13 5 11 0 
9 5 0 4 
7 6 4 21 
18 19 21 6 
19 15 6 11 
8 20 11 12 
2 11 12 8 
12 11 8 21 
6 22 21 2 
7 21 2 16 
10 20 16 3 
3 18 3 14 
21 19 14 12 
4 4 12 15 
15 14 15 20 
20 21 2 2 
13 13 2 0 
17 9 0 15 
22 20 15 19 
4 18 19 22 
3 19 22 11 
20 8 11 16 
14 2 19 15 
10 12 15 14 
2 6 14 12 
10 7 12 11 
12 10 11 11 
10 3 2 10 
19 21 10 3 
20 4 7 19 
4 15 19 12 
16 2 12 20 
17 13 8 0 
1 17 0 11 
11 22 11 12 
3 4 12 16 
3 3 16 15 
2 20 15 11 
8 14 11 8 
21 10 8 15 
15 2 11 4 
3 11 4 21 
22 12 21 14 
16 7 14 22 
4 19 12 16 
21 20 16 15 
10 4 15 6 
10 19 21 16 
13 17 16 0 
5 1 0 4 
2 11 4 4 
6 3 4 14 
15 3 14 3 
7 2 3 12 
4 8 12 12 
8 21 12 14 
4 11 14 10 
22 3 10 4 
14 22 7 3 
14 16 3 21 
11 7 21 6 
15 15 6 15 
14 10 20 19 
7 19 8 21 
9 13 21 0 
1 5 0 21 
21 2 21 3 
18 6 3 6 
18 15 6 6 
12 7 12 11 
7 4 11 14 
20 8 14 19 
8 4 19 11 
20 22 11 7 
19 11 7 15 
8 10 15 22 
16 11 22 10 
10 15 10 12 
4 3 12 22 
6 7 11 21 
1 9 21 0 
1 1 0 2 
8 21 2 4 
7 18 4 12 
14 21 12 10 
14 12 10 15 
12 6 15 20 
11 20 7 11 
4 8 3 8 
6 20 8 18 
7 19 21 14 
18 8 2 2 
22 16 10 14 
2 14 14 18 
7 11 18 11 
19 7 11 3 
13 1 8 0 
1 1 0 6 
14 8 6 4 
22 7 4 20 
11 14 20 22 
8 18 22 2 
12 12 2 8 
3 11 8 2 
8 4 2 19 
2 18 19 12 
18 16 12 6 
16 16 6 7 
3 22 7 3 
18 2 18 22 
21 3 22 22 
21 21 22 14 
9 13 10 0 
9 1 0 10 
10 16 10 12 
19 22 4 2 
8 15 2 19 
20 15 19 21 
7 12 10 16 
2 3 16 7 
7 8 6 4 
6 14 4 20 
7 18 20 18 
10 16 11 6 
10 3 8 6 
22 18 4 7 
16 3 7 15 
18 18 3 22 
1 9 20 0 
0 9 0 17 
0 10 17 17 
0 19 17 5 
0 8 5 5 
0 20 5 5 
0 7 5 1 
0 18 1 5 
0 7 5 13 
0 6 13 1 
0 12 1 9 
0 10 9 1 
0 10 1 13 
0 12 13 9 
0 16 13 13 
0 15 1 5 
0 1 5 0 