21
10
1 0 0 1 
14 0 1 2 
11 0 2 2 
13 0 2 1 
9 0 1 2 
12 0 2 3 
8 0 3 3 
12 0 3 1 
11 0 1 3 
1 0 3 0 
4 1 0 5 
13 14 5 14 
12 11 14 8 
7 13 8 10 
6 6 10 9 
8 12 9 14 
13 8 14 5 
9 12 5 7 
10 11 7 10 
2 1 10 0 
4 4 0 10 
5 13 10 10 
14 12 10 11 
5 7 11 9 
5 6 9 9 
14 8 9 12 
5 13 12 12 
6 9 12 10 
9 10 11 14 
1 2 14 0 
4 4 0 11 
8 5 11 10 
9 14 10 11 
11 5 11 5 
13 5 5 11 
13 14 11 6 
13 5 6 13 
12 6 13 13 
13 9 13 12 
4 4 12 0 
3 4 0 6 
13 8 6 8 
7 9 8 9 
7 11 9 14 
6 13 14 9 
6 13 11 10 
5 13 10 14 
6 12 13 6 
11 10 6 11 
2 4 11 0 
2 3 0 7 
14 13 7 14 
10 7 14 13 
8 7 13 7 
10 6 7 7 
7 6 7 12 
12 5 12 7 
14 6 6 12 
10 11 12 13 
3 2 8 0 
4 2 0 5 
14 14 5 12 
12 10 12 8 
7 8 8 8 
5 10 8 8 
11 7 8 10 
6 12 10 6 
8 9 6 12 
7 10 12 10 
1 3 13 0 
2 4 0 10 
7 14 10 11 
9 12 11 9 
8 7 9 5 
13 5 5 5 
5 11 5 5 
7 13 5 10 
14 8 6 5 
6 7 5 9 
4 1 11 0 
2 2 0 6 
7 7 6 14 
12 9 11 7 
9 8 7 8 
9 13 8 6 
8 5 6 14 
11 8 14 14 
8 14 9 6 
7 6 13 9 
4 4 9 0 
0 3 0 1 
0 7 1 3 
0 12 3 3 
0 6 3 2 
0 9 2 3 
0 8 3 1 
0 11 4 3 
0 8 2 4 
0 7 4 1 
0 4 1 0 