18
9
1 0 0 4 
11 0 4 1 
9 0 1 2 
13 0 2 4 
12 0 4 1 
8 0 1 1 
7 0 1 4 
5 0 4 1 
1 0 1 0 
2 1 0 13 
6 11 13 11 
7 9 11 6 
7 13 6 10 
11 12 10 12 
6 8 12 6 
8 7 6 5 
12 11 5 10 
3 1 10 0 
3 2 0 5 
9 6 5 10 
12 7 10 10 
12 6 10 12 
13 11 12 13 
8 6 13 5 
6 8 5 8 
5 12 8 5 
2 3 7 0 
3 3 0 9 
6 9 9 9 
10 12 9 6 
11 12 6 7 
6 13 7 8 
5 12 8 12 
13 6 10 11 
13 6 11 12 
2 2 12 0 
3 3 0 7 
5 6 7 8 
13 10 8 11 
7 11 11 7 
6 6 7 9 
5 5 9 6 
7 13 9 9 
9 6 9 8 
2 2 9 0 
3 3 0 8 
8 5 8 8 
13 13 8 7 
12 7 7 9 
7 6 9 5 
10 5 8 8 
12 7 11 5 
10 9 5 9 
3 2 7 0 
4 3 0 12 
13 8 12 9 
9 13 9 10 
13 12 10 7 
13 7 7 12 
10 10 8 6 
10 12 6 5 
11 10 5 11 
1 3 11 0 
2 4 0 5 
11 13 5 5 
13 9 11 7 
8 5 7 11 
5 13 11 7 
13 11 12 8 
6 10 8 8 
10 11 9 10 
2 1 10 0 
0 2 0 2 
0 11 2 3 
0 13 3 3 
0 8 3 4 
0 5 4 4 
0 13 4 4 
0 6 4 4 
0 10 4 1 
0 2 1 0 