74
16
1 0 0 5 
8 0 5 5 
16 0 5 5 
15 0 5 17 
8 0 17 5 
19 0 5 9 
4 0 9 5 
4 0 5 1 
6 0 1 13 
21 0 13 9 
7 0 9 9 
10 0 9 1 
15 0 1 9 
21 0 9 1 
2 0 1 1 
17 0 1 0 
13 1 0 10 
6 8 10 19 
12 16 19 4 
2 15 4 11 
12 8 11 2 
22 19 2 4 
22 4 4 8 
6 4 8 14 
2 6 14 12 
19 21 12 14 
16 7 14 22 
16 10 22 20 
14 15 20 15 
10 21 15 8 
19 2 8 15 
9 17 15 0 
13 13 0 16 
11 6 16 10 
11 12 10 7 
20 2 7 3 
20 12 3 3 
12 22 3 4 
3 22 4 10 
10 6 10 22 
20 2 22 8 
7 19 8 21 
2 16 21 7 
16 16 7 6 
10 14 6 16 
19 10 16 10 
3 19 10 20 
13 9 19 0 
17 13 0 16 
3 11 16 22 
14 11 22 20 
14 20 20 20 
15 20 20 10 
14 12 10 15 
12 3 15 18 
4 10 18 15 
2 20 15 11 
6 7 11 21 
2 2 21 20 
8 16 20 10 
19 20 19 19 
18 19 21 6 
21 3 14 16 
1 13 16 0 
17 17 0 2 
10 3 2 10 
21 14 10 12 
21 14 12 11 
7 15 11 19 
8 14 19 14 
2 12 14 8 
8 4 8 3 
7 2 3 12 
18 6 12 6 
18 2 6 2 
18 8 2 2 
12 19 2 18 
6 18 6 11 
6 21 11 7 
5 1 7 0 
13 17 0 8 
12 10 8 22 
3 21 22 22 
21 21 22 14 
3 7 14 22 
10 8 22 15 
19 2 15 18 
18 2 18 22 
11 7 22 20 
7 18 20 18 
2 18 18 4 
7 18 4 12 
15 12 7 15 
15 6 15 15 
10 6 16 20 
5 5 20 0 
13 13 0 4 
12 12 4 8 
10 3 8 6 
4 21 6 7 
2 3 7 3 
20 10 3 16 
21 20 16 16 
7 18 4 7 
14 11 7 4 
8 7 4 6 
6 18 6 3 
16 7 3 2 
19 15 2 14 
4 20 14 6 
2 20 6 18 
1 5 18 0 
5 13 0 11 
7 12 11 12 
15 10 12 10 
22 4 10 11 
14 2 11 18 
16 20 18 6 
19 21 6 19 
6 7 19 12 
22 14 12 15 
3 8 15 11 
3 6 11 3 
14 16 19 7 
16 19 7 4 
11 4 10 14 
22 22 21 8 
5 1 8 0 
13 5 0 4 
19 7 4 4 
12 15 4 4 
16 22 4 18 
3 14 18 3 
15 16 3 3 
21 19 3 10 
20 6 7 16 
18 22 16 7 
16 3 7 15 
12 6 15 20 
19 14 20 8 
12 11 8 20 
8 11 8 14 
12 22 14 21 
17 5 19 0 
9 13 0 12 
14 19 12 11 
10 12 11 11 
20 16 18 7 
11 3 7 19 
4 15 19 12 
8 21 12 14 
19 20 14 10 
21 20 10 6 
21 16 6 11 
21 12 22 3 
14 19 3 8 
16 12 8 20 
19 7 20 4 
21 12 4 15 
9 17 8 0 
17 9 0 2 
18 14 2 14 
12 10 14 15 
22 20 15 19 
22 11 19 3 
21 4 3 11 
4 8 11 19 
15 19 19 2 
8 21 2 4 
15 21 22 15 
20 21 15 16 
21 14 16 8 
19 2 8 4 
22 7 4 20 
19 21 15 20 
13 9 14 0 
1 17 0 11 
10 18 11 2 
12 12 2 8 
2 22 8 18 
19 22 18 4 
11 2 4 4 
10 4 15 6 
18 15 6 6 
18 8 6 20 
8 15 20 7 
11 20 7 11 
8 21 11 12 
7 19 18 11 
11 22 11 12 
15 19 11 6 
1 13 6 0 
9 1 0 12 
16 10 12 10 
7 12 10 16 
6 2 20 22 
3 19 15 20 
16 11 20 8 
15 8 8 6 
21 18 6 21 
6 22 21 2 
21 3 2 21 
10 14 22 4 
21 8 4 19 
6 18 19 11 
18 11 11 7 
3 14 7 19 
9 1 10 0 
13 9 0 10 
22 16 10 14 
21 7 14 14 
3 6 14 4 
18 3 4 14 
20 16 14 18 
6 12 18 16 
22 21 16 7 
2 14 7 2 
12 20 2 16 
19 10 16 21 
18 21 21 8 
12 6 8 16 
18 18 12 3 
14 3 3 15 
17 9 18 0 
13 13 0 2 
18 22 7 4 
22 21 2 22 
7 3 22 3 
18 18 3 22 
16 20 22 22 
15 18 22 11 
21 22 21 3 
4 2 20 16 
15 11 16 11 
7 19 21 14 
8 2 11 3 
16 12 3 4 
3 16 4 10 
11 16 10 22 
5 17 22 0 
0 9 0 17 
0 18 17 17 
0 22 17 13 
0 7 13 17 
0 20 17 17 
0 10 17 17 
0 15 9 5 
0 21 5 1 
0 6 1 1 
0 15 1 5 
0 7 5 13 
0 8 13 1 
0 20 1 9 
0 15 9 9 
0 3 13 5 
0 9 17 0 