14
8
2 0 0 6 
9 0 6 3 
9 0 3 1 
13 0 1 4 
12 0 4 3 
11 0 3 1 
14 0 1 8 
5 0 8 0 
2 2 0 11 
16 9 11 13 
13 9 13 11 
12 13 11 10 
10 12 10 9 
11 16 9 16 
13 14 16 14 
3 5 14 0 
1 2 0 10 
16 16 10 13 
15 13 13 10 
13 12 10 16 
13 10 16 13 
10 14 13 10 
16 13 10 14 
1 3 14 0 
6 1 0 10 
10 16 10 15 
13 15 15 15 
11 13 15 12 
13 13 12 10 
15 10 10 12 
13 16 12 14 
7 1 10 0 
5 6 0 10 
11 10 10 11 
10 13 11 14 
12 11 14 11 
10 13 14 10 
16 10 10 14 
16 13 14 13 
4 7 16 0 
7 5 0 15 
12 14 15 14 
15 10 14 10 
12 12 10 12 
12 10 12 10 
15 16 10 13 
9 16 9 16 
5 4 16 0 
7 7 0 13 
16 9 13 9 
14 14 9 14 
9 12 14 10 
13 13 10 16 
10 13 16 11 
11 14 11 14 
6 5 14 0 
0 7 0 3 
0 16 3 2 
0 14 2 7 
0 15 7 5 
0 13 5 1 
0 10 1 3 
0 11 3 3 
0 6 3 0 