18
9
1 0 0 4 
6 0 4 4 
11 0 4 1 
10 0 1 2 
13 0 2 4 
13 0 4 4 
5 0 4 4 
5 0 4 1 
1 0 1 0 
3 1 0 11 
11 6 11 13 
12 11 13 6 
12 10 6 9 
7 13 9 9 
8 13 9 12 
12 5 12 8 
10 5 8 8 
1 1 8 0 
2 3 0 7 
6 11 7 9 
7 12 9 7 
7 12 7 13 
8 7 13 13 
11 8 13 10 
7 12 10 10 
11 10 10 9 
2 1 9 0 
2 2 0 12 
10 7 12 13 
11 7 13 5 
8 7 5 6 
8 8 6 10 
5 11 10 11 
12 7 11 5 
11 7 9 13 
1 2 13 0 
3 2 0 11 
12 10 11 12 
13 11 12 13 
7 8 13 6 
9 8 6 9 
10 5 9 6 
10 12 6 5 
12 11 5 10 
4 1 10 0 
3 3 0 13 
8 12 13 11 
6 13 11 10 
13 7 10 6 
9 9 6 9 
12 10 12 6 
10 10 6 8 
5 12 8 5 
1 4 12 0 
3 3 0 7 
8 8 8 5 
9 6 5 5 
11 13 5 5 
7 8 5 6 
6 12 6 8 
5 13 8 6 
9 5 6 7 
4 1 7 0 
3 3 0 8 
5 8 8 6 
7 9 6 6 
12 11 7 6 
5 8 11 7 
7 11 7 11 
9 5 10 9 
10 9 9 13 
3 4 8 0 
0 2 0 2 
0 9 2 2 
0 5 2 3 
0 12 3 4 
0 5 4 2 
0 7 2 3 
0 9 3 3 
0 10 3 1 
0 2 1 0 