77
16
1 0 0 5 
16 0 5 5 
15 0 5 9 
20 0 9 1 
6 0 1 1 
15 0 1 9 
21 0 9 1 
7 0 1 5 
19 0 5 17 
15 0 17 9 
12 0 9 13 
4 0 13 13 
4 0 13 5 
4 0 5 1 
10 0 1 9 
17 0 9 0 
9 1 0 12 
18 16 12 6 
19 15 6 11 
8 20 11 12 
18 6 12 6 
18 15 6 6 
19 21 6 19 
15 7 19 11 
10 16 11 6 
15 15 6 15 
10 12 15 14 
22 4 14 10 
11 4 10 14 
18 4 18 2 
22 21 2 22 
5 17 22 0 
9 9 0 15 
14 18 16 20 
21 19 20 15 
6 8 15 8 
21 18 8 21 
22 18 7 16 
10 19 10 16 
10 15 10 12 
16 10 12 10 
8 15 10 21 
12 10 21 14 
20 22 14 11 
20 11 11 7 
11 18 7 11 
4 22 11 10 
5 5 20 0 
13 9 0 21 
12 14 21 19 
8 21 19 7 
20 6 7 16 
20 21 16 16 
22 22 16 20 
6 10 20 16 
20 10 16 8 
11 16 8 20 
14 15 20 15 
21 15 15 22 
20 22 11 7 
18 20 7 18 
6 11 18 6 
20 4 6 14 
5 5 8 0 
17 13 0 7 
19 12 7 6 
14 8 6 4 
16 20 4 2 
21 20 2 2 
18 22 2 18 
2 6 18 2 
12 20 2 16 
15 11 16 11 
8 14 11 8 
16 12 8 20 
14 10 20 19 
2 18 19 12 
11 6 21 16 
3 3 16 15 
17 5 15 0 
17 17 0 20 
19 19 20 19 
8 14 19 14 
6 16 14 10 
16 21 10 19 
6 18 19 11 
15 2 11 4 
16 12 4 19 
18 15 19 2 
22 8 2 20 
10 16 20 22 
12 14 15 10 
6 8 10 3 
3 11 3 6 
14 12 6 2 
9 17 2 0 
13 17 0 8 
10 19 8 6 
7 8 6 4 
7 6 4 21 
8 16 21 14 
3 6 14 4 
12 15 4 4 
3 16 4 10 
22 3 10 4 
16 22 4 18 
4 10 18 15 
11 12 14 19 
21 6 19 18 
22 3 18 18 
19 22 18 4 
5 9 4 0 
5 13 0 11 
7 10 11 12 
12 7 12 11 
6 7 11 21 
11 12 21 14 
8 3 14 19 
3 12 18 18 
6 3 18 6 
11 22 3 19 
14 16 19 7 
4 4 7 19 
18 11 19 7 
14 21 7 19 
3 22 7 3 
20 15 3 19 
9 5 19 0 
13 5 0 7 
18 7 7 4 
12 12 4 8 
12 6 8 16 
3 11 16 22 
10 8 22 15 
12 3 15 18 
20 6 18 8 
15 11 8 3 
4 14 3 18 
2 4 19 22 
8 18 22 2 
18 14 2 14 
21 3 14 16 
10 20 16 3 
9 9 7 0 
17 13 0 16 
6 18 16 20 
6 12 20 15 
19 12 15 4 
8 3 4 8 
12 10 8 22 
21 12 22 3 
2 20 3 7 
4 15 12 21 
2 4 21 8 
19 2 8 4 
21 8 4 19 
6 18 20 2 
21 3 2 21 
6 10 21 20 
1 9 10 0 
17 17 0 10 
10 6 10 22 
2 6 22 20 
15 19 20 22 
21 8 22 22 
11 12 22 11 
4 21 11 3 
3 2 3 7 
12 4 7 18 
2 2 18 8 
14 19 8 20 
7 21 14 14 
3 7 14 22 
21 21 22 14 
12 12 2 8 
5 1 8 0 
17 17 0 2 
18 10 2 11 
8 2 11 3 
7 15 3 16 
22 21 16 7 
14 11 7 4 
22 4 4 8 
21 3 22 21 
11 12 21 8 
19 2 8 15 
3 14 15 3 
16 7 3 2 
19 15 2 14 
2 12 14 8 
15 12 7 15 
1 5 15 0 
13 17 0 22 
15 18 22 11 
12 8 11 2 
2 7 2 14 
16 22 14 10 
10 2 10 3 
12 22 3 4 
19 21 10 3 
2 11 4 4 
7 19 4 20 
19 3 20 10 
11 16 10 22 
2 19 15 19 
21 2 22 6 
16 16 6 7 
1 1 2 0 
13 13 0 16 
18 7 16 20 
3 12 2 7 
16 2 7 21 
15 16 21 20 
20 10 20 15 
15 12 22 14 
7 19 14 3 
16 12 3 4 
22 7 4 20 
10 4 15 6 
7 11 6 21 
12 14 21 8 
6 21 18 21 
22 22 21 3 
13 1 6 0 
13 13 0 2 
11 18 2 14 
16 7 14 22 
19 16 4 7 
11 15 2 20 
14 20 20 20 
8 15 20 7 
18 22 7 4 
10 16 12 7 
8 4 19 11 
12 10 11 11 
19 7 11 3 
20 12 3 3 
3 18 3 14 
12 22 14 21 
1 13 6 0 
0 9 0 17 
0 11 17 1 
0 16 1 13 
0 19 13 9 
0 10 9 13 
0 14 13 9 
0 8 9 17 
0 18 17 9 
0 10 1 13 
0 8 13 1 
0 18 1 5 
0 21 5 1 
0 3 13 5 
0 8 5 17 
0 18 17 17 
0 1 17 0 