22
10
1 0 0 1 
9 0 1 2 
12 0 2 3 
9 0 3 2 
8 0 2 3 
13 0 3 1 
8 0 1 3 
12 0 3 1 
11 0 1 4 
1 0 4 0 
4 1 0 5 
9 9 5 6 
10 12 6 9 
8 9 9 7 
8 8 7 8 
7 13 8 10 
12 8 10 12 
7 12 12 5 
13 14 5 14 
2 1 14 0 
4 4 0 12 
11 9 12 9 
11 10 9 14 
13 8 14 5 
8 8 5 10 
7 7 10 6 
6 12 6 14 
14 7 14 13 
5 13 13 6 
2 2 6 0 
4 4 0 10 
6 11 10 11 
5 11 11 5 
7 13 5 10 
5 8 10 11 
5 7 11 9 
6 6 9 10 
7 14 10 11 
14 8 11 12 
3 3 12 0 
4 4 0 11 
10 6 12 6 
8 5 6 14 
11 7 14 9 
7 5 9 12 
13 5 12 12 
7 6 13 9 
11 7 9 12 
14 14 12 5 
4 3 11 0 
2 4 0 10 
12 10 10 7 
7 8 7 13 
6 11 13 14 
10 7 14 13 
12 13 13 9 
8 7 9 5 
5 11 5 13 
10 14 13 5 
2 4 5 0 
4 2 0 8 
9 12 8 14 
7 7 14 6 
12 6 6 13 
10 10 13 5 
6 12 9 8 
6 8 8 13 
5 5 11 5 
5 5 5 13 
1 2 13 0 
3 4 0 6 
13 9 6 8 
11 7 8 10 
14 12 10 11 
7 10 11 10 
6 12 13 13 
14 9 13 6 
12 13 11 10 
8 14 9 6 
2 1 10 0 
1 3 0 11 
6 13 11 10 
11 14 10 9 
9 14 12 8 
7 8 8 9 
7 6 9 5 
8 14 5 6 
7 12 6 7 
11 8 14 14 
1 2 14 0 
0 1 0 3 
0 6 3 2 
0 11 2 4 
0 9 4 4 
0 7 4 1 
0 7 1 3 
0 8 3 3 
0 7 3 2 
0 11 2 2 
0 1 3 0 