16
8
2 0 0 6 
10 0 6 1 
10 0 1 7 
14 0 7 2 
11 0 2 2 
16 0 2 3 
11 0 3 3 
7 0 3 0 
1 2 0 10 
9 10 10 12 
12 10 12 12 
11 14 12 11 
10 11 11 10 
11 16 10 13 
13 10 13 15 
5 7 15 0 
3 1 0 9 
16 9 9 16 
9 16 16 11 
14 11 11 14 
13 10 14 11 
12 15 11 13 
10 13 10 14 
3 5 14 0 
4 3 0 12 
13 16 12 14 
14 9 14 14 
16 14 14 13 
14 13 13 16 
13 12 10 11 
14 10 16 10 
1 3 10 0 
7 4 0 16 
9 13 16 9 
10 14 9 12 
10 16 12 13 
10 14 13 16 
10 13 16 15 
10 14 15 10 
4 1 13 0 
7 7 0 13 
13 9 13 11 
14 10 13 10 
15 10 10 12 
12 10 12 10 
15 10 10 16 
13 10 16 16 
5 4 16 0 
5 7 0 15 
15 13 15 15 
12 14 15 14 
9 16 13 11 
10 12 13 13 
13 16 13 10 
13 13 10 16 
6 5 14 0 
0 5 0 8 
0 14 8 1 
0 11 1 3 
0 9 3 6 
0 10 6 5 
0 13 5 1 
0 14 1 3 
0 6 3 0 