500
16
8 4 22 4 
11 6 19 15 
21 14 19 7 
12 10 21 14 
8 15 6 8 
15 18 22 11 
18 6 2 20 
2 14 15 19 
19 20 19 19 
8 4 8 3 
0 6 13 1 
8 0 1 5 
15 14 12 10 
10 4 3 22 
10 8 22 15 
2 2 20 21 
1 1 2 0 
12 3 15 18 
3 7 20 2 
13 9 19 0 
19 7 11 3 
19 7 4 4 
11 2 18 10 
7 3 3 2 
6 10 22 10 
11 15 3 8 
7 21 14 14 
2 21 6 22 
14 11 22 20 
8 18 20 6 
20 15 10 20 
21 19 3 10 
4 0 13 5 
18 0 5 1 
9 17 15 0 
13 17 0 22 
3 3 15 16 
19 6 19 21 
12 16 20 8 
8 4 2 19 
14 10 4 22 
7 3 22 3 
4 14 3 18 
6 18 19 11 
22 20 7 11 
7 15 11 19 
6 12 20 15 
5 1 0 4 
4 14 3 6 
14 8 8 11 
8 0 17 9 
16 22 4 18 
18 6 11 6 
14 12 10 15 
0 6 1 1 
0 21 1 9 
22 11 12 11 
0 21 5 1 
14 15 20 15 
6 0 13 1 
2 4 16 20 
6 3 3 11 
22 22 21 8 
17 0 9 0 
10 0 17 17 
19 10 6 8 
22 8 2 20 
16 22 11 3 
6 15 15 15 
3 14 15 3 
15 18 6 6 
11 12 20 8 
6 12 18 16 
16 12 4 19 
5 5 0 20 
21 14 12 11 
7 16 18 22 
6 2 20 22 
8 21 12 14 
18 11 19 7 
19 2 8 15 
19 12 18 2 
5 1 7 0 
12 12 8 4 
20 12 3 3 
18 15 10 4 
21 19 20 15 
8 3 14 19 
0 15 9 5 
22 14 16 7 
16 8 10 20 
4 4 12 15 
2 2 18 8 
11 0 1 17 
6 7 16 16 
21 20 10 6 
18 7 16 20 
10 16 11 6 
14 19 8 14 
19 3 20 15 
2 8 3 11 
18 18 3 22 
11 16 15 11 
18 2 18 22 
7 18 20 18 
21 3 14 16 
11 12 10 7 
19 15 2 19 
12 3 18 18 
0 10 9 13 
11 12 14 19 
6 2 12 14 
17 13 0 16 
5 13 0 3 
9 17 0 18 
11 11 12 10 
4 7 16 19 
0 7 13 17 
12 8 11 2 
21 8 4 2 
1 9 0 10 
18 2 6 2 
15 0 1 9 
21 16 6 11 
2 15 4 11 
6 3 18 6 
21 8 4 19 
20 4 7 19 
13 9 0 21 
7 11 20 11 
0 16 5 5 
0 4 5 9 
19 20 14 10 
21 4 3 11 
21 18 6 21 
3 21 21 22 
19 7 16 14 
12 6 8 16 
18 8 2 22 
8 21 11 12 
10 19 21 16 
19 22 4 2 
9 9 0 7 
16 20 22 22 
3 12 2 7 
1 13 10 0 
15 8 21 10 
10 12 16 10 
4 6 7 8 
15 7 15 12 
16 3 7 15 
17 5 19 0 
11 21 7 6 
21 6 7 11 
4 4 11 2 
8 2 12 12 
8 14 2 12 
12 20 2 16 
9 9 0 15 
1 9 20 0 
14 21 22 12 
3 7 14 22 
14 20 20 20 
19 12 7 6 
8 6 3 10 
18 15 19 2 
22 20 10 16 
4 22 11 10 
7 11 18 11 
18 2 4 18 
21 20 16 16 
12 15 14 22 
20 22 19 15 
0 12 13 9 
7 6 4 21 
12 6 6 18 
2 10 3 10 
7 18 4 7 
16 8 14 21 
5 5 8 0 
7 18 4 12 
0 7 5 13 
13 1 8 0 
19 18 6 21 
22 14 21 21 
16 7 21 22 
1 0 0 5 
12 21 3 22 
5 17 8 0 
4 10 6 15 
16 6 10 14 
13 17 0 8 
19 11 4 8 
9 1 0 10 
0 2 17 17 
0 12 1 9 
3 16 4 10 
6 4 8 14 
13 13 4 0 
14 2 2 7 
0 2 9 17 
17 17 0 20 
21 8 21 18 
0 18 17 17 
21 7 16 2 
17 5 15 0 
22 18 4 7 
20 16 14 18 
0 17 0 1 
12 21 15 4 
20 16 6 18 
18 14 2 14 
15 4 12 19 
14 6 20 4 
16 20 6 10 
10 22 16 11 
16 11 20 8 
5 17 22 0 
9 13 0 14 
3 4 22 12 
2 20 15 11 
22 15 21 15 
7 12 11 12 
13 13 2 0 
15 8 7 20 
2 21 3 21 
19 22 18 4 
3 2 7 16 
14 10 11 4 
22 16 10 14 
10 12 22 8 
7 12 10 16 
2 14 18 11 
22 21 2 22 
5 1 0 15 
8 20 19 14 
19 10 16 10 
11 0 5 13 
19 7 3 14 
18 3 14 3 
21 19 14 12 
0 16 13 13 
17 0 0 9 
21 20 16 15 
22 22 21 3 
1 13 16 0 
20 4 22 7 
3 16 10 20 
0 19 9 5 
4 7 14 11 
19 3 20 10 
10 15 10 12 
3 4 12 16 
19 3 11 22 
21 8 7 19 
6 20 16 7 