190
10
12 10 12 8 
10 11 14 7 
9 12 5 7 
5 13 11 5 
2 1 10 0 
4 1 0 5 
12 8 14 9 
5 5 11 5 
11 5 5 11 
11 0 4 4 
14 8 6 5 
14 14 5 12 
2 2 0 6 
12 12 5 13 
13 9 13 12 
11 8 14 14 
4 3 11 0 
0 1 0 1 
10 11 12 13 
12 6 6 13 
9 10 11 14 
0 3 0 1 
11 6 14 13 
6 10 6 12 
3 1 0 7 
0 12 1 3 
8 0 1 3 
5 0 4 2 
5 8 10 11 
6 8 8 13 
10 0 2 4 
10 8 11 7 
7 10 13 14 
5 5 5 13 
2 3 0 12 
6 6 10 9 
7 14 13 14 
9 6 10 12 
2 3 9 0 
5 10 13 7 
8 9 6 12 
5 14 14 13 
9 7 9 8 
14 6 8 5 
5 7 11 9 
6 5 9 9 
7 7 10 6 
1 3 0 11 
3 3 0 12 
9 13 7 6 
10 11 11 6 
8 0 3 3 
5 13 10 10 
5 10 8 8 
10 11 7 10 
9 12 11 9 
8 7 9 5 
6 13 14 9 
13 7 10 8 
14 8 11 12 
12 0 4 4 
12 7 5 12 
12 6 13 13 
14 6 6 12 
7 11 12 9 
7 8 8 8 
2 3 0 7 
6 13 5 13 
6 14 7 7 
1 2 0 9 
4 0 0 1 
10 11 6 13 
8 7 13 7 
9 8 7 8 
6 7 5 9 
6 0 2 3 
4 4 9 0 
14 8 6 9 
4 1 11 0 
14 10 5 13 
0 6 4 3 
13 9 6 8 
7 11 9 14 
0 8 3 2 
0 11 2 2 
12 10 10 7 
1 2 13 0 
1 4 0 7 
5 14 13 8 
9 12 8 14 
11 0 4 2 
14 0 2 1 
0 3 1 0 
0 8 2 4 
0 14 2 1 
0 10 4 4 
1 3 13 0 
9 14 10 11 
10 11 12 14 
7 6 7 12 