117
8
16 0 7 4 
12 13 16 10 
16 9 11 13 
14 10 10 15 
1 7 0 10 
3 6 9 0 
5 6 0 14 
0 8 5 0 
15 16 10 13 
12 15 11 13 
10 13 10 14 
10 14 13 16 
10 13 13 16 
0 9 1 3 
0 11 2 2 
10 0 1 2 
3 0 0 7 
13 13 10 16 
13 16 12 14 
15 13 15 15 
14 10 13 10 
16 10 10 14 
14 13 13 16 
5 7 15 0 
1 5 0 13 
11 10 11 10 
11 0 3 1 
11 16 9 16 
2 0 0 6 
14 11 11 14 
13 10 13 15 
14 0 7 2 
11 10 13 12 
9 16 9 13 
1 3 14 0 
7 7 0 13 
14 9 14 14 
10 12 10 12 
9 10 10 12 
3 4 12 0 
10 0 6 1 
16 9 9 16 
12 14 15 14 
10 16 10 15 
10 15 12 10 
12 10 13 13 
14 16 13 14 
13 10 11 16 
0 10 6 5 
13 10 14 11 
11 12 11 14 
5 4 16 0 
11 13 13 9 
12 9 10 14 
3 5 14 0 
3 3 0 11 
5 7 0 15 
10 13 16 16 
4 1 13 0 
2 3 0 16 
0 3 0 6 
1 8 0 14 
3 1 0 10 
12 12 10 12 