21
8
2 0 0 6 
9 0 6 3 
11 0 3 3 
11 0 3 1 
10 0 1 2 
11 0 2 2 
16 0 2 3 
7 0 3 0 
7 2 0 14 
14 9 14 14 
14 11 14 11 
14 11 11 12 
12 10 12 12 
10 11 12 13 
16 16 13 10 
4 7 16 0 
5 7 0 15 
10 14 15 10 
10 14 10 16 
12 14 16 13 
15 12 13 11 
13 10 11 16 
9 16 16 11 
5 4 16 0 
7 5 0 15 
16 10 15 10 
9 10 10 12 
10 12 12 10 
13 15 10 13 
11 13 13 9 
16 9 9 16 
6 5 10 0 
7 7 0 13 
10 16 13 13 
16 9 13 9 
10 14 9 12 
13 13 12 10 
13 12 10 16 
10 15 12 10 
1 6 10 0 
1 7 0 10 
13 10 10 14 
13 16 14 10 
11 10 10 11 
10 13 11 14 
14 13 14 16 
13 10 15 16 
4 1 13 0 
3 1 0 10 
16 13 10 13 
14 13 13 16 
13 11 16 9 
14 10 10 13 
15 15 13 15 
15 14 14 12 
3 4 12 0 
0 3 0 6 
0 14 6 5 
0 13 5 1 
0 9 1 3 
0 14 3 5 
0 14 8 1 
0 14 1 3 
0 8 5 0 