93
16
9 0 0 17 
8 0 17 9 
21 0 9 1 
6 0 1 1 
15 0 1 9 
19 0 9 13 
10 0 13 9 
18 0 9 17 
7 0 17 13 
10 0 13 1 
10 0 1 9 
12 0 9 13 
6 0 13 1 
8 0 1 5 
15 0 5 17 
9 0 17 0 
9 9 0 7 
21 8 7 19 
8 21 19 4 
7 6 4 21 
22 15 21 15 
3 19 15 20 
14 10 20 19 
6 18 19 11 
11 7 11 18 
4 10 18 15 
8 10 15 22 
21 12 22 3 
18 6 3 6 
14 8 6 4 
10 15 10 12 
1 9 12 0 
9 9 0 15 
12 21 15 4 
4 8 4 22 
11 7 22 20 
22 22 20 16 
3 3 16 15 
12 14 15 10 
10 6 10 22 
16 11 22 10 
11 4 10 14 
11 8 14 8 
3 21 22 22 
2 18 22 18 
3 14 18 3 
14 10 16 6 
13 1 6 0 
5 9 0 15 
19 12 15 4 
22 18 4 7 
12 11 7 12 
16 22 14 10 
22 3 10 4 
12 12 4 8 
12 10 8 22 
7 16 22 14 
18 11 14 2 
20 11 11 7 
11 3 7 19 
19 2 19 15 
4 3 12 22 
11 10 22 4 
13 13 4 0 
9 5 0 4 
7 19 4 20 
8 22 20 2 
8 12 2 11 
10 16 11 6 
21 18 6 21 
11 12 21 14 
11 12 14 19 
6 7 19 12 
18 18 12 3 
2 20 3 7 
14 11 7 4 
2 19 4 8 
6 4 8 7 
14 14 7 21 
13 13 2 0 
17 9 0 2 
3 7 2 3 
2 8 3 11 
20 8 11 16 
20 10 16 8 
14 21 8 16 
3 11 16 22 
14 11 22 20 
14 6 20 4 
7 18 4 12 
16 2 12 20 
19 14 20 8 
2 2 8 18 
20 6 18 8 
22 14 3 7 
5 13 7 0 
17 17 0 2 
21 3 2 21 
2 2 21 20 
15 20 20 10 
22 20 10 16 
12 14 21 19 
14 3 19 7 
2 14 7 2 
8 14 2 12 
10 7 12 11 
8 3 11 15 
2 19 15 8 
4 2 22 19 
10 20 19 3 
12 20 3 3 
13 5 3 0 
1 17 0 11 
8 21 11 12 
6 2 12 14 
12 15 14 22 
21 22 22 2 
12 12 2 8 
19 14 8 3 
7 2 3 12 
16 8 12 6 
19 10 6 8 
3 8 8 4 
6 2 20 22 
20 4 22 7 
21 6 7 11 
11 15 11 16 
13 13 16 0 
5 1 0 4 
21 8 4 2 
18 6 2 20 
11 12 20 8 
19 21 6 19 
7 12 10 16 
7 6 16 16 
18 7 16 20 
16 16 20 21 
10 19 21 16 
4 3 16 12 
18 6 12 6 
15 20 6 12 
8 21 12 14 
20 20 14 20 
17 13 8 0 
5 5 0 8 
14 21 12 10 
4 18 2 18 
22 11 18 15 
11 19 15 7 
18 7 7 4 
19 7 4 4 
15 18 3 12 
18 16 12 6 
4 10 6 15 
4 4 15 12 
20 18 18 7 
18 15 19 2 
7 21 2 16 
15 20 14 15 
17 17 18 0 
17 5 0 22 
10 14 22 4 
18 4 22 19 
20 22 19 15 
6 11 15 19 
2 18 19 12 
4 19 12 16 
22 21 16 7 
22 18 7 16 
2 4 16 20 
16 7 20 6 
16 20 6 10 
14 18 14 2 
4 7 16 19 
8 15 10 21 
17 17 10 0 
5 17 0 19 
3 10 19 21 
3 21 21 22 
21 21 22 14 
3 6 14 4 
6 2 2 18 
14 4 18 3 
22 22 8 21 
6 22 21 2 
10 2 10 3 
21 4 3 11 
20 16 6 18 
6 11 18 6 
18 4 16 22 
18 18 22 3 
13 17 16 0 
5 5 0 20 
16 3 20 10 
16 3 10 4 
3 21 16 14 
15 3 14 3 
11 22 3 19 
8 14 19 14 
12 22 14 21 
11 6 21 16 
19 10 16 10 
21 20 10 6 
19 20 19 19 
8 6 8 15 
3 16 15 7 
11 18 7 19 
1 13 16 0 
1 5 0 21 
15 16 21 20 
12 16 20 8 
10 3 8 6 
15 15 6 15 
4 11 15 2 
18 8 2 22 
7 3 22 3 
3 11 3 6 
7 19 14 16 
6 21 18 19 
21 14 19 7 
15 8 7 20 
18 14 20 16 
11 11 10 12 
1 1 2 0 
9 1 0 20 
15 11 20 2 
4 4 2 11 
11 22 11 12 
16 10 12 10 
8 4 19 11 
10 18 11 2 
15 7 15 12 
2 3 16 7 
6 7 11 21 
15 20 21 19 
21 18 8 21 
18 15 6 6 
12 10 14 15 
2 14 15 19 
5 1 7 0 
0 5 0 1 
0 15 1 5 
0 4 5 13 
0 11 13 5 
0 16 5 5 
0 8 5 17 
0 22 17 13 
0 14 13 9 
0 19 9 5 
0 8 13 1 
0 10 1 9 
0 21 9 13 
0 18 1 5 
0 20 17 17 
0 15 9 17 
0 1 17 0 