36
9
1 0 0 1 
7 0 1 4 
8 0 4 3 
8 0 3 3 
7 0 3 2 
5 0 2 4 
12 0 4 1 
10 0 1 4 
1 0 2 0 
1 1 0 8 
11 7 8 5 
12 8 5 12 
13 8 12 9 
13 7 9 9 
5 5 9 6 
10 12 6 12 
9 6 12 10 
2 1 10 0 
4 1 0 5 
12 11 5 10 
7 12 10 10 
6 8 10 10 
11 13 6 11 
11 5 11 10 
11 10 10 9 
6 9 9 9 
3 2 7 0 
4 4 0 6 
11 12 6 13 
8 7 13 13 
8 6 13 5 
13 11 5 5 
5 11 12 7 
7 11 7 11 
8 6 8 5 
2 3 11 0 
4 4 0 5 
7 11 5 13 
11 8 13 10 
8 8 10 6 
7 13 6 10 
9 5 10 9 
8 7 6 5 
5 8 5 12 
2 2 9 0 
4 4 0 13 
12 7 13 7 
6 11 7 9 
11 7 9 13 
11 10 13 6 
7 9 6 6 
9 8 6 9 
10 5 9 6 
1 2 13 0 
2 4 0 13 
13 12 13 11 
7 6 11 12 
12 11 12 10 
5 6 10 12 
8 7 5 6 
8 6 6 12 
9 10 13 9 
3 1 10 0 
3 2 0 5 
11 13 8 12 
9 7 12 7 
13 12 10 7 
8 5 8 8 
7 8 13 6 
9 5 6 7 
5 10 8 8 
3 3 9 0 
0 4 0 1 
0 11 1 3 
0 12 3 4 
0 13 3 3 
0 7 3 3 
0 11 1 4 
0 9 2 1 
0 12 2 2 
0 2 2 0 