34
10
1 0 0 1 
7 0 1 4 
9 0 4 4 
11 0 4 2 
11 0 2 2 
13 0 2 1 
11 0 1 3 
13 0 3 1 
8 0 1 3 
1 0 3 0 
3 1 0 12 
5 7 12 9 
12 9 9 11 
5 11 11 5 
9 11 5 7 
9 13 7 6 
10 11 6 13 
5 13 13 6 
7 7 6 10 
2 1 10 0 
2 3 0 7 
10 5 7 13 
6 12 13 6 
8 5 6 14 
12 9 14 8 
6 9 8 14 
11 10 14 12 
6 5 9 9 
8 7 9 8 
4 2 10 0 
4 2 0 8 
5 10 8 8 
12 6 8 9 
6 8 9 13 
12 12 13 5 
14 14 5 12 
7 11 12 9 
6 6 9 10 
10 7 10 11 
4 4 11 0 
3 4 0 11 
8 5 11 10 
13 12 10 11 
11 6 11 10 
6 12 10 6 
9 14 6 13 
8 7 13 7 
7 6 7 12 
10 10 13 5 
2 4 5 0 
3 3 0 12 
7 12 12 5 
8 13 5 14 
10 11 14 7 
14 6 7 7 
14 9 7 11 
14 8 11 12 
6 14 12 6 
11 10 9 14 
3 2 6 0 
2 3 0 8 
11 7 8 10 
12 8 10 12 
7 10 12 10 
11 14 10 9 
8 14 5 6 
13 8 6 8 
7 6 9 5 
13 14 5 14 
4 3 6 0 
2 2 0 6 
8 11 14 14 
8 12 9 14 
14 7 14 13 
6 11 13 14 
7 8 8 8 
5 13 11 5 
13 5 5 5 
9 13 12 13 
1 4 5 0 
1 2 0 9 
10 8 7 13 
12 6 13 13 
10 14 13 5 
9 6 10 12 
8 7 9 5 
11 5 5 5 
14 13 7 10 
7 9 8 9 
4 1 11 0 
0 1 0 4 
0 10 4 4 
0 12 4 4 
0 12 3 2 
0 9 2 3 
0 8 3 3 
0 14 1 2 
0 14 2 1 
0 7 1 3 
0 1 3 0 