162
9
2 1 10 0 
4 4 0 13 
5 8 8 6 
13 9 10 9 
10 10 8 6 
0 7 2 3 
8 7 6 5 
10 9 10 11 
4 4 5 0 
11 10 5 11 
10 5 12 11 
10 12 9 6 
12 6 10 12 
13 6 10 11 
3 3 7 0 
8 13 9 12 
3 3 0 8 
0 13 3 3 
2 2 12 0 
8 5 8 8 
1 1 0 8 
5 6 7 8 
0 8 3 4 
0 1 0 2 
11 12 6 13 
5 5 11 13 
0 9 2 2 
8 8 10 6 
11 0 4 1 
3 1 10 0 
2 4 0 13 
12 11 7 6 
13 5 6 8 
13 11 11 6 
2 1 9 0 
2 1 0 13 
5 0 2 4 
8 7 13 13 
5 9 7 6 
8 5 7 11 
0 9 3 3 
5 5 9 6 
7 10 13 12 
0 2 0 2 
13 9 11 7 
6 6 9 7 
5 0 3 2 
11 13 8 12 
1 4 0 7 
6 11 7 9 
8 7 6 13 
4 1 0 12 
7 13 9 9 
9 10 9 5 
9 9 6 9 
12 5 12 8 
3 4 12 0 
0 5 1 4 
7 12 5 11 
8 11 10 13 
4 1 10 0 
6 9 8 9 
4 0 1 0 
11 7 7 11 
0 1 0 1 
12 7 13 7 
6 0 4 4 
11 13 13 12 
7 12 9 7 
12 10 5 6 
13 7 10 6 
11 12 10 12 
5 10 6 9 
0 7 3 2 
0 11 2 3 
7 11 5 13 
5 8 5 12 
8 8 10 5 
8 6 6 12 
12 7 10 10 
0 11 1 3 