198
10
7 7 6 10 
11 10 10 7 
1 3 12 0 
14 13 14 5 
12 13 11 10 
11 0 3 4 
12 0 2 3 
12 6 13 13 
9 13 8 6 
1 0 0 1 
0 10 2 1 
10 5 7 13 
4 2 10 0 
12 10 12 8 
0 5 2 4 
6 11 13 14 
3 3 12 0 
1 0 3 0 
0 11 3 1 
0 11 2 4 
6 12 10 6 
1 2 0 14 
10 9 6 6 
1 4 5 0 
7 0 3 1 
10 0 4 4 
2 1 0 13 
9 14 12 8 
13 8 6 8 
1 0 4 0 
14 0 2 1 
0 6 4 3 
8 7 9 5 
11 12 8 14 
11 10 13 6 
5 7 12 9 
4 2 0 8 
8 7 8 8 
6 0 2 3 
3 2 7 0 
14 7 11 10 
8 10 13 7 
6 12 9 8 
10 7 10 12 
0 1 3 0 
1 4 0 7 
13 6 13 5 
13 6 9 14 
5 8 10 11 
10 11 12 14 
9 0 3 2 
0 8 3 1 
10 12 6 9 
10 5 8 8 
11 14 10 9 
5 11 5 5 
5 11 5 11 
7 7 6 14 
11 7 9 12 
9 7 9 8 
8 14 9 6 
9 11 5 7 
4 4 0 9 
2 3 0 8 
8 0 3 3 
13 6 12 6 
5 5 5 13 
12 0 4 4 
13 8 14 5 
4 4 11 0 
13 5 10 10 
6 11 10 11 
1 2 0 9 
10 11 14 9 
12 9 14 8 
1 3 13 0 
9 11 9 12 
14 14 12 5 
6 5 8 14 
12 12 13 5 
14 9 7 11 
0 6 2 2 
6 7 9 13 
8 11 14 14 
13 5 5 11 
12 6 14 6 
9 5 6 7 
9 9 5 6 
8 7 9 8 
13 7 7 8 
4 1 11 0 
7 6 7 12 
12 5 12 7 
8 5 6 14 
14 7 14 13 
14 10 5 13 
11 0 2 2 
13 14 10 7 
13 12 9 13 
8 10 7 11 