126
8
13 13 10 16 
14 13 13 16 
11 0 3 1 
3 3 0 11 
1 3 9 0 
1 7 0 10 
1 6 10 0 
12 11 14 11 
0 13 4 1 
16 11 13 10 
0 13 7 7 
11 10 13 12 
13 0 1 5 
14 0 5 3 
10 15 10 14 
13 12 10 16 
15 15 15 13 
10 14 10 16 
13 13 10 12 
9 14 14 14 
10 13 11 14 
11 16 9 16 
0 16 4 7 
1 3 10 0 
3 4 12 0 
15 12 13 11 
11 13 13 9 
15 0 7 5 
0 15 7 5 
13 10 16 13 
16 10 15 10 
1 3 14 0 
14 10 16 13 
13 9 9 16 
12 10 12 10 
12 14 15 14 
6 3 0 9 
0 2 6 0 
15 13 13 10 
10 13 14 10 
0 8 5 0 
11 10 10 11 
8 1 14 0 
16 9 11 13 
15 16 10 13 
12 10 12 12 
9 10 10 12 
6 0 0 3 
2 2 0 11 
9 16 16 9 
14 10 10 13 
7 2 0 14 
16 16 10 13 
14 12 13 16 
0 14 6 5 
10 12 10 15 
0 10 6 5 
13 14 16 14 
16 0 2 3 
11 14 14 11 
0 3 7 0 
0 16 5 4 
10 0 1 2 
14 10 12 9 