502
16
7 3 22 14 
1 9 12 0 
22 8 2 20 
15 19 14 2 
19 2 19 15 
6 0 1 13 
8 15 10 21 
14 14 21 7 
0 7 5 13 
10 8 22 15 
8 20 11 12 
3 21 16 14 
19 4 21 8 
17 5 19 0 
10 16 11 6 
9 17 2 0 
1 5 0 21 
20 4 7 19 
3 2 3 7 
1 5 15 0 
3 11 3 6 
16 7 22 18 
15 8 7 20 
15 4 12 19 
8 14 11 8 
4 0 5 1 
15 3 14 3 
12 2 8 14 
0 18 17 17 
21 8 12 11 
9 13 10 0 
20 21 6 10 
13 17 0 8 
3 7 3 22 
11 0 1 17 
17 5 15 0 
20 21 2 2 
18 14 2 14 
10 12 14 21 
8 15 6 8 
3 8 8 4 
7 12 10 16 
7 21 2 16 
15 20 6 12 
16 20 6 10 
18 8 2 22 
18 2 12 19 
20 4 6 14 
16 21 11 6 
14 3 3 18 
19 11 7 15 
0 2 1 1 
20 12 3 3 
22 11 12 11 
18 10 2 11 
12 10 14 15 
0 6 1 13 
1 13 10 0 
15 22 15 21 
17 17 0 2 
22 2 22 21 
14 8 6 4 
19 21 10 3 
9 9 15 0 
21 21 22 14 
0 16 5 5 
9 5 19 0 
5 1 0 18 
22 4 14 10 
11 3 22 16 
5 0 1 0 
16 16 20 21 
18 6 20 16 
3 12 2 7 
3 12 18 15 
0 2 13 13 
16 7 21 22 
4 14 3 18 
10 14 4 11 
0 8 9 17 
18 4 16 22 
10 20 16 3 
10 4 3 16 
15 14 15 20 
10 6 10 22 
21 16 19 10 
10 19 8 6 
15 20 19 3 
6 15 15 15 
11 6 6 18 
20 18 18 7 
4 21 11 3 
0 9 17 0 
0 20 1 9 
2 20 15 11 
19 7 11 3 
10 22 16 11 
10 14 19 20 
0 7 9 9 
0 10 9 1 
22 12 4 3 
8 0 1 5 
8 3 14 19 
8 4 2 19 
15 18 4 10 
1 13 16 0 
15 16 21 20 
21 19 19 6 
10 11 4 22 
12 19 6 7 
13 5 0 4 
4 19 12 16 
0 6 1 1 
6 3 4 14 
11 7 22 20 
3 7 20 2 
5 13 0 3 
20 11 11 7 
20 15 19 21 
7 16 2 3 
7 2 14 2 
18 6 3 6 
0 15 9 17 
8 2 11 3 
15 11 16 11 
10 16 20 22 
4 7 18 7 
16 20 18 14 
0 14 13 9 
4 7 18 22 
4 7 16 19 
6 11 15 19 
18 15 11 22 
8 14 19 14 
3 3 16 15 
8 21 18 21 
0 19 13 9 
8 20 19 14 
20 0 5 5 
0 4 5 9 
8 21 19 7 
12 6 16 18 
20 22 14 11 
6 16 14 10 
18 7 16 20 
8 20 12 16 
6 20 16 7 
7 11 18 11 
21 12 22 3 
5 1 7 0 
8 18 20 6 
13 9 12 0 
22 3 18 18 
1 9 10 0 
22 6 2 21 
17 9 18 0 
4 4 12 15 
15 6 4 10 
20 2 18 6 
4 2 20 16 
5 9 0 15 
11 2 4 4 
22 16 10 14 
22 0 17 5 
21 14 16 8 
16 12 3 4 
21 2 21 3 
11 15 3 8 
21 14 12 22 
0 8 5 17 
3 10 6 8 
12 15 15 7 
12 11 14 21 
19 7 14 21 
6 18 19 11 
16 7 14 22 
19 7 4 4 
7 6 21 11 
17 17 10 0 
12 14 2 6 
19 18 6 21 
11 11 12 10 
0 15 9 1 
21 0 9 1 
0 9 0 17 
22 7 4 20 
2 16 20 12 
16 8 10 20 
15 18 6 6 
20 10 3 19 
21 22 21 3 
15 7 16 3 
18 6 12 6 
20 19 19 19 
20 15 10 20 
13 13 4 0 
18 7 12 4 
18 11 14 2 
4 8 11 19 
2 15 4 11 
16 20 22 22 
6 2 20 22 
12 14 21 19 
8 0 5 5 
18 4 22 19 
8 21 2 4 
2 11 12 8 
10 15 10 12 
4 8 4 22 
19 7 3 14 
8 22 10 12 
4 2 22 19 
15 10 14 12 
18 15 19 2 
16 0 17 13 
8 21 12 14 
4 18 2 18 
22 22 3 21 
18 22 2 18 
15 12 22 14 
11 12 14 19 
13 17 7 0 
8 20 16 11 
12 10 10 16 
2 19 15 8 
7 19 14 16 
21 8 22 22 
4 10 22 3 
10 19 10 16 
18 11 19 7 
12 12 4 8 
21 6 21 18 
11 14 4 7 
18 18 12 3 
13 9 0 21 
1 0 0 17 
16 0 13 13 
21 4 7 6 
16 16 7 6 
19 15 22 20 
0 22 17 13 
0 8 13 1 
2 10 3 10 
12 11 7 12 
20 0 17 17 
19 3 11 22 
12 11 7 10 
13 5 11 0 
6 21 11 7 
18 2 6 2 
20 20 14 20 
6 12 16 8 
7 8 6 4 
2 8 12 12 
12 21 15 4 
18 8 2 2 