13
8
8 0 0 5 
15 0 5 7 
15 0 7 5 
14 0 5 3 
10 0 3 1 
10 0 1 2 
11 0 2 2 
6 0 2 0 
1 8 0 14 
10 15 16 10 
13 15 10 13 
10 14 13 10 
11 10 10 11 
13 10 11 16 
16 11 16 9 
3 6 9 0 
6 1 0 10 
9 10 10 12 
13 13 12 10 
13 10 10 14 
12 11 14 11 
9 13 11 13 
9 16 13 11 
3 3 11 0 
5 6 0 14 
14 9 14 14 
14 13 14 16 
13 13 16 10 
13 12 10 11 
13 9 9 16 
16 9 16 9 
1 3 9 0 
1 5 0 13 
11 14 13 10 
10 14 10 16 
10 13 16 15 
15 13 15 15 
10 13 16 16 
13 14 16 13 
4 1 13 0 
3 1 0 11 
14 11 11 14 
15 10 14 10 
12 10 10 12 
13 11 12 15 
12 10 15 10 
10 13 13 16 
5 4 16 0 
4 3 0 12 
16 10 13 12 
14 15 12 14 
13 16 14 10 
16 13 14 12 
10 12 12 12 
14 10 12 9 
6 5 10 0 
0 7 0 3 
0 16 3 2 
0 14 2 7 
0 13 7 7 
0 16 4 7 
0 10 7 1 
0 14 1 3 
0 6 3 0 