8
9
1 0 0 4 
8 0 4 3 
5 0 3 2 
9 0 2 2 
12 0 2 2 
13 0 2 1 
10 0 1 3 
11 0 3 2 
2 0 2 0 
4 1 0 5 
8 8 5 10 
9 5 10 9 
6 9 9 9 
10 12 9 6 
11 13 6 11 
9 10 11 10 
8 11 10 13 
4 2 13 0 
4 4 0 5 
8 8 5 8 
6 9 8 9 
6 6 9 7 
10 10 7 12 
12 11 12 10 
6 9 10 5 
5 8 5 12 
3 4 12 0 
1 4 0 10 
8 8 10 6 
5 6 7 8 
8 6 8 5 
12 10 5 6 
6 12 6 8 
13 6 8 7 
8 5 7 11 
1 3 11 0 
4 1 0 11 
12 8 11 13 
11 12 10 5 
7 8 13 13 
13 12 13 11 
7 6 11 12 
12 13 7 10 
6 8 10 10 
2 1 10 0 
4 4 0 6 
10 12 6 12 
5 11 12 7 
12 7 7 9 
9 13 9 10 
13 7 10 6 
11 12 6 13 
8 6 13 5 
4 2 5 0 
4 4 0 13 
11 10 13 6 
9 5 6 7 
7 12 7 13 
9 9 13 7 
9 13 7 11 
10 11 11 5 
12 8 5 12 
1 4 12 0 
1 4 0 7 
7 11 7 11 
7 9 11 6 
8 7 6 5 
13 11 5 5 
9 6 5 5 
7 11 5 13 
9 12 13 8 
1 1 8 0 
0 1 0 2 
0 7 2 3 
0 7 3 3 
0 8 3 3 
0 13 3 3 
0 9 3 3 
0 7 3 2 
0 9 2 1 
0 1 1 0 