15
10
3 0 0 1 
11 0 1 3 
9 0 3 2 
8 0 2 3 
7 0 3 1 
14 0 1 2 
12 0 2 3 
8 0 3 3 
6 0 3 4 
1 0 4 0 
2 3 0 7 
10 8 7 13 
14 9 13 6 
14 8 6 9 
8 7 9 8 
14 14 8 11 
9 12 11 9 
6 8 9 13 
7 6 13 9 
2 1 9 0 
4 2 0 5 
8 13 5 14 
13 14 14 7 
14 9 7 11 
14 8 11 12 
9 14 12 8 
7 9 8 9 
6 6 9 10 
7 7 10 6 
2 2 6 0 
4 4 0 12 
9 8 12 6 
6 13 6 12 
10 11 12 14 
7 14 10 11 
12 9 11 7 
13 7 7 8 
6 5 8 14 
7 7 14 6 
3 2 6 0 
1 4 0 11 
14 9 11 10 
9 6 10 12 
12 10 12 8 
6 8 8 13 
12 12 13 5 
5 13 5 5 
12 6 6 10 
10 7 10 11 
4 3 11 0 
3 1 0 13 
10 14 13 5 
9 9 5 6 
6 12 6 14 
11 6 14 13 
6 12 13 13 
11 5 13 5 
9 12 5 7 
8 10 7 11 
4 4 11 0 
1 3 0 8 
5 10 8 8 
5 9 8 7 
7 6 7 12 
10 11 12 13 
13 6 13 5 
5 11 5 5 
6 14 5 8 
7 8 8 8 
2 4 8 0 
3 1 0 12 
12 5 12 7 
10 12 7 10 
13 7 10 5 
10 10 5 13 
12 13 13 9 
9 5 6 7 
11 9 7 5 
11 5 5 11 
2 2 11 0 
3 3 0 12 
5 12 14 14 
7 10 13 14 
14 13 14 5 
11 10 5 8 
9 12 8 14 
10 9 14 11 
10 11 11 6 
10 11 6 13 
1 2 13 0 
0 3 0 1 
0 5 1 4 
0 7 4 1 
0 14 1 2 
0 11 2 4 
0 9 4 4 
0 10 4 4 
0 10 4 2 
0 10 2 1 
0 1 1 0 