42
16
9 0 0 17 
8 0 17 9 
12 0 9 13 
10 0 13 9 
19 0 9 13 
2 0 13 13 
6 0 13 1 
15 0 1 9 
15 0 9 9 
21 0 9 1 
6 0 1 1 
6 0 1 13 
16 0 13 1 
8 0 1 13 
22 0 13 17 
9 0 17 0 
5 9 0 19 
15 8 19 2 
8 12 2 11 
7 10 11 12 
14 19 12 11 
8 2 11 3 
18 6 3 6 
18 15 6 6 
22 15 21 15 
10 21 15 8 
12 6 8 16 
11 6 16 10 
10 16 10 12 
21 8 12 11 
4 22 11 10 
1 9 10 0 
5 5 0 20 
14 15 20 15 
6 8 15 8 
18 7 16 20 
11 14 20 22 
21 8 22 22 
8 18 22 2 
11 18 2 14 
12 22 14 21 
12 10 21 14 
2 12 14 8 
8 11 8 14 
15 10 14 12 
19 21 12 14 
22 4 14 10 
9 1 10 0 
1 5 0 21 
22 14 21 21 
7 6 21 11 
16 18 6 12 
15 11 20 2 
20 21 2 2 
22 8 2 20 
7 11 20 22 
11 12 22 11 
7 12 11 12 
8 2 12 12 
4 8 12 12 
20 15 12 6 
15 15 6 15 
14 22 15 12 
1 9 12 0 
5 1 0 4 
16 22 4 18 
18 7 18 20 
8 16 20 10 
14 15 10 12 
8 20 12 16 
22 22 16 20 
16 7 20 6 
14 4 18 3 
19 7 3 14 
21 8 14 12 
4 4 12 15 
22 20 15 19 
4 15 19 12 
21 14 12 11 
17 1 11 0 
1 5 0 8 
10 16 12 7 
11 18 7 19 
4 8 19 2 
12 14 2 6 
18 8 6 20 
7 22 20 4 
19 16 4 7 
16 14 7 19 
19 19 19 20 
19 21 6 19 
2 4 19 22 
21 22 22 2 
11 4 2 15 
20 21 6 10 
17 17 10 0 
5 1 0 15 
12 15 15 7 
19 11 7 15 
10 4 15 18 
3 12 18 18 
3 12 18 15 
20 7 15 8 
14 19 8 20 
16 16 20 21 
18 19 21 6 
11 19 6 18 
20 2 18 6 
2 21 6 22 
7 3 22 14 
7 2 14 2 
9 17 2 0 
1 5 0 7 
19 12 7 6 
21 19 3 10 
3 10 10 2 
21 3 2 21 
19 7 21 8 
11 20 7 11 
11 2 18 10 
3 16 15 7 
2 2 8 18 
22 11 18 15 
10 20 15 20 
6 2 20 22 
16 7 22 18 
4 7 18 7 
9 9 7 0 
5 1 0 18 
2 19 18 15 
19 21 15 20 
19 3 20 10 
16 21 10 19 
15 19 19 2 
7 3 2 20 
16 11 20 8 
10 3 8 6 
16 2 12 20 
3 22 21 12 
15 10 12 10 
16 6 10 14 
20 16 14 18 
10 4 3 22 
5 9 4 0 
5 5 0 8 
4 2 8 21 
7 19 21 14 
15 19 14 2 
7 16 2 3 
20 15 3 19 
10 16 19 10 
20 16 10 6 
18 2 6 2 
20 16 2 4 
8 3 4 8 
22 15 8 10 
22 16 10 14 
4 20 14 6 
4 10 6 15 
9 5 15 0 
5 5 0 16 
19 4 16 12 
2 7 12 3 
16 15 3 3 
4 7 14 11 
8 20 11 12 
11 11 12 10 
22 20 10 16 
6 18 16 20 
20 20 20 14 
16 8 14 21 
21 22 21 3 
22 22 3 21 
19 4 21 8 
6 4 8 14 
13 9 14 0 
17 5 0 8 
11 19 8 4 
11 2 4 4 
3 16 4 10 
11 4 10 14 
14 8 14 19 
3 11 19 7 
14 22 7 16 
7 6 16 16 
10 20 16 3 
22 16 3 11 
6 21 11 7 
18 22 7 4 
7 19 4 4 
22 12 4 3 
13 13 16 0 
5 17 0 15 
6 11 15 19 
22 11 19 3 
6 3 3 11 
16 11 11 15 
3 14 15 3 
22 3 3 7 
14 14 7 21 
16 7 21 22 
6 10 22 10 
8 22 10 12 
18 6 12 6 
6 18 6 11 
11 7 11 18 
19 22 18 4 
13 13 4 0 
13 5 0 7 
4 6 7 8 
4 22 8 4 
7 6 4 21 
2 16 21 7 
2 3 7 3 
11 15 3 8 
19 14 8 3 
14 16 3 21 
21 6 21 18 
6 8 10 19 
3 18 3 14 
3 6 14 4 
3 11 4 21 
15 16 21 20 
1 13 10 0 
17 13 0 7 
20 4 7 19 
15 4 21 12 
18 7 12 4 
18 2 4 18 
18 2 18 22 
16 11 22 10 
20 19 10 14 
2 14 14 18 
8 21 18 21 
11 6 21 16 
4 3 16 12 
3 3 12 20 
22 3 18 18 
19 12 18 2 
1 1 2 0 
0 17 0 1 
0 20 1 9 
0 15 9 17 
0 18 17 17 
0 18 17 9 
0 21 9 13 
0 16 13 17 
0 20 17 17 
0 2 17 17 
0 8 17 13 
0 11 13 5 
0 4 5 13 
0 3 13 5 
0 22 5 17 
0 19 17 5 
0 1 5 0 