82
16
9 0 0 17 
16 0 17 13 
10 0 13 1 
7 0 1 5 
15 0 5 17 
10 0 17 17 
2 0 17 17 
15 0 17 9 
7 0 9 9 
19 0 9 13 
21 0 13 9 
12 0 9 13 
7 0 13 5 
4 0 5 1 
11 0 1 17 
17 0 1 0 
5 9 0 15 
11 16 15 11 
7 10 11 12 
2 7 12 3 
20 15 3 19 
3 10 19 21 
11 12 21 14 
12 15 14 22 
16 20 22 22 
3 19 22 11 
6 21 11 7 
6 12 18 6 
10 14 6 16 
18 4 16 22 
14 11 22 20 
17 17 20 0 
5 5 0 20 
7 11 20 22 
16 7 22 18 
2 2 18 8 
10 20 8 16 
2 3 16 7 
19 11 7 15 
10 12 15 10 
20 16 10 6 
11 3 6 3 
8 6 3 10 
10 6 10 22 
16 10 22 20 
8 18 20 6 
22 14 16 7 
13 17 7 0 
17 5 0 8 
19 2 8 4 
12 16 4 3 
3 2 3 7 
16 10 7 12 
16 2 12 20 
19 19 20 19 
12 16 19 4 
16 20 4 2 
8 11 8 14 
20 8 14 19 
14 3 19 7 
16 16 7 6 
7 8 6 4 
12 15 4 4 
13 13 4 0 
9 17 0 18 
3 8 19 14 
10 12 14 21 
18 19 21 6 
8 16 6 12 
18 16 12 6 
12 19 6 7 
15 12 7 15 
3 16 15 7 
15 8 7 20 
14 20 20 20 
18 14 20 16 
21 14 16 8 
12 12 8 4 
21 12 4 15 
1 9 20 0 
17 9 0 8 
11 3 21 4 
14 10 4 22 
15 18 22 11 
20 8 11 16 
6 18 16 20 
6 12 20 15 
6 15 15 15 
12 3 15 18 
3 12 18 18 
3 14 18 3 
18 18 3 22 
14 21 22 12 
11 12 12 7 
10 21 15 8 
17 13 8 0 
17 17 0 18 
19 11 18 6 
4 14 3 6 
22 15 21 15 
10 20 15 20 
10 6 20 21 
21 6 21 18 
2 6 18 2 
12 12 2 8 
15 3 14 3 
22 3 3 7 
11 18 7 11 
19 14 11 12 
2 11 12 8 
12 10 8 22 
5 17 22 0 
1 9 0 15 
2 19 15 19 
2 4 19 22 
21 22 22 2 
18 10 2 11 
14 10 11 4 
7 19 4 20 
6 2 20 22 
11 12 22 11 
8 21 11 12 
3 3 12 20 
7 11 20 11 
10 19 8 6 
21 16 6 11 
10 12 11 11 
13 5 11 0 
9 1 0 21 
21 21 14 22 
21 2 22 6 
4 21 6 7 
11 18 7 19 
21 14 19 7 
18 7 7 4 
15 6 4 10 
6 11 10 16 
20 8 16 12 
22 3 12 21 
16 7 21 22 
12 10 14 15 
19 21 15 20 
16 7 20 6 
1 13 6 0 
5 9 0 19 
4 18 19 22 
8 21 22 22 
7 4 22 18 
6 11 18 6 
19 21 6 19 
2 18 19 12 
10 15 12 14 
4 6 14 8 
2 20 8 22 
4 22 11 10 
3 16 10 20 
11 12 20 8 
10 19 10 16 
4 7 16 19 
1 1 6 0 
9 5 0 4 
11 14 4 7 
21 8 7 19 
18 7 16 20 
14 6 20 4 
12 19 4 15 
19 2 15 18 
18 2 18 22 
3 4 22 12 
8 2 11 3 
10 4 3 16 
19 10 16 21 
16 14 21 3 
20 10 3 19 
2 4 21 8 
5 1 8 0 
9 9 0 15 
6 11 15 19 
8 21 19 4 
15 18 4 10 
2 14 15 19 
14 12 19 21 
20 19 10 14 
3 18 14 4 
8 3 4 8 
18 8 2 22 
14 10 22 16 
21 20 16 15 
14 16 19 7 
18 20 7 18 
20 2 18 6 
13 5 3 0 
1 9 0 10 
14 8 14 19 
15 8 19 2 
11 15 2 20 
2 2 20 21 
14 14 21 7 
4 20 7 22 
21 3 22 22 
10 8 22 15 
22 20 15 19 
3 11 19 7 
8 21 12 14 
2 14 14 18 
2 18 18 4 
21 20 16 16 
13 13 16 0 
1 1 0 2 
12 14 2 6 
18 15 6 6 
21 11 6 7 
20 2 7 3 
22 14 3 7 
4 4 7 19 
2 10 3 10 
12 10 10 16 
10 22 16 11 
8 3 11 15 
6 8 15 8 
12 2 8 14 
3 3 16 15 
4 11 15 2 
13 13 2 0 
9 1 0 12 
19 11 4 8 
21 18 8 21 
3 21 21 22 
8 4 22 4 
16 22 11 3 
4 4 2 11 
14 2 11 18 
4 12 18 7 
16 2 7 21 
3 21 21 2 
2 7 2 14 
15 20 14 15 
6 18 6 3 
10 4 3 22 
1 13 16 0 
0 9 0 17 
0 19 17 5 
0 21 5 1 
0 18 1 5 
0 8 5 5 
0 16 5 5 
0 4 5 13 
0 14 13 9 
0 10 9 13 
0 8 13 1 
0 10 1 9 
0 2 9 17 
0 22 17 13 
0 6 13 1 
0 15 1 5 
0 1 5 0 