12
10
1 0 0 1 
7 0 1 4 
8 0 4 2 
8 0 2 3 
13 0 3 1 
14 0 1 2 
12 0 2 3 
11 0 3 4 
12 0 4 4 
1 0 4 0 
4 1 0 5 
12 7 5 12 
9 8 12 6 
14 8 6 5 
8 13 5 14 
13 14 14 7 
9 12 7 11 
10 11 11 6 
7 12 6 7 
3 1 11 0 
4 4 0 9 
8 12 9 14 
10 9 14 11 
9 14 11 7 
9 8 7 8 
9 13 8 6 
9 9 6 5 
14 10 5 13 
8 7 13 7 
1 3 7 0 
1 4 0 11 
10 8 11 7 
6 10 7 7 
11 10 7 14 
13 14 10 7 
5 9 7 6 
13 9 6 7 
6 14 7 7 
9 8 7 9 
2 1 9 0 
2 1 0 13 
11 10 13 6 
12 6 6 10 
10 7 10 11 
5 13 11 5 
5 5 11 5 
7 13 5 10 
6 6 10 9 
12 9 9 11 
2 2 11 0 
4 2 0 11 
5 11 11 5 
12 12 5 13 
8 10 13 7 
9 5 7 8 
10 5 8 8 
8 7 8 8 
14 6 8 5 
9 12 5 7 
3 2 7 0 
4 4 0 10 
13 5 10 10 
14 12 10 11 
14 8 11 12 
6 9 12 10 
12 10 10 7 
11 8 14 14 
5 14 14 13 
13 9 13 12 
1 3 12 0 
3 4 0 6 
13 13 6 12 
6 14 12 6 
14 8 6 9 
13 6 9 14 
5 12 14 14 
10 11 14 9 
7 5 9 11 
12 13 11 10 
2 1 10 0 
1 3 0 8 
8 13 8 6 
12 6 6 13 
6 11 13 14 
6 13 5 13 
5 5 13 5 
11 10 5 8 
10 12 8 12 
9 12 8 14 
1 2 14 0 
0 1 0 3 
0 8 3 3 
0 12 3 3 
0 6 3 2 
0 6 2 2 
0 5 2 4 
0 11 4 4 
0 10 4 2 
0 9 2 3 
0 1 3 0 