19
9
1 0 0 1 
9 0 1 2 
13 0 2 4 
8 0 4 3 
7 0 3 3 
11 0 3 2 
12 0 2 2 
13 0 2 1 
4 0 1 0 
1 1 0 8 
6 9 8 9 
9 13 9 10 
8 8 10 6 
9 7 6 6 
10 11 6 13 
11 12 10 5 
12 8 5 12 
3 4 12 0 
4 1 0 12 
9 6 12 10 
10 9 10 11 
12 8 11 13 
9 9 13 7 
10 10 7 12 
5 11 12 7 
6 13 7 8 
3 3 8 0 
1 4 0 10 
6 9 10 5 
12 10 5 6 
6 12 6 8 
7 9 7 12 
12 10 12 6 
8 5 6 8 
5 6 8 7 
2 3 7 0 
4 1 0 11 
11 6 11 13 
13 12 13 11 
13 6 11 12 
11 7 9 13 
12 7 13 7 
13 13 7 8 
6 5 8 7 
4 2 5 0 
1 4 0 7 
6 11 7 9 
9 9 9 6 
7 13 6 10 
5 11 10 11 
10 12 12 11 
5 5 11 13 
8 6 13 5 
4 4 5 0 
4 1 0 5 
9 6 5 5 
8 8 5 8 
11 7 8 5 
12 5 5 8 
10 10 8 6 
9 5 6 7 
7 11 7 11 
4 4 6 0 
2 2 0 9 
5 9 9 10 
8 8 10 5 
7 11 5 13 
9 12 13 8 
13 10 8 11 
7 6 11 12 
10 7 12 13 
4 4 13 0 
0 2 0 2 
0 5 2 3 
0 10 3 1 
0 11 1 3 
0 9 3 3 
0 13 3 3 
0 7 3 2 
0 10 2 1 
0 2 1 0 