10
8
6 0 0 3 
10 0 3 1 
13 0 1 5 
10 0 5 6 
10 0 6 1 
10 0 1 7 
14 0 7 2 
6 0 2 0 
5 6 0 14 
13 10 14 11 
12 13 11 10 
15 10 10 12 
14 10 12 9 
15 10 10 16 
16 11 16 9 
3 6 9 0 
7 5 0 15 
15 13 15 15 
10 12 12 12 
14 15 12 14 
14 14 14 9 
12 15 11 13 
13 16 13 14 
1 3 14 0 
7 7 0 13 
16 15 13 10 
16 10 10 14 
16 14 14 13 
10 14 13 10 
14 12 13 16 
12 13 16 10 
4 1 13 0 
5 7 0 15 
13 16 14 10 
11 16 10 13 
10 16 13 13 
13 10 13 15 
10 14 15 10 
10 12 10 12 
3 4 12 0 
4 5 0 16 
9 13 16 9 
13 11 9 13 
12 10 13 13 
10 13 13 16 
14 10 13 10 
11 10 10 11 
1 3 11 0 
7 4 0 16 
16 9 16 9 
11 13 9 16 
10 13 16 16 
9 10 10 12 
11 14 12 11 
14 11 11 14 
8 1 14 0 
0 7 0 3 
0 16 3 2 
0 11 2 2 
0 10 2 1 
0 9 1 3 
0 11 3 3 
0 14 3 5 
0 8 5 0 